DENSITY: 0.00028096767367657185
MULTI-LABEL: False
EDGES: 38490.5
MAX_DEGREE: 242
SINGLETON: 0
DEGREES: 76981
NODES: 16553
MEAN_DEGREE: 4.65057693469
MIN_DEGREE: 1
LABELS_DIST: 
[ 0.79955295  0.20044705]
SYMMETRIC: True
FEATURES: 30
